46844131057
48522658578
47569506675
47349009161
48782412509
48768221062
49585576795
47626376775
43909876623
48760647409
48059210392
46390817183
48343917960
49203618347
49649589258
48305967449
43730289473
49212820872
48822504425
48253218676
48067427971
48481888634
49579180664
49521265438
47648584198
48562635149
49246290982
48750045699
49199983475
38778894718
48815501479
47578299976
48758598280
44479876508
45629069776
47966763882
48770026462
49663481811
49176418993
49683221854
45524615350
48395228431
49286680789
49681868807
48161667845
45630138974
48161687905
48205394633
49412652574
45870938211
49268310844
49179513248
48355166605
47531503005
47054264572
48822720070
49346686267
46890184805
48893711407
46786287044
48386892498
48218178871
49660667393
48875493918
48989195001
47529102826
49775919114
48142079255
49474329050
47282270544
48386643754
45692833495
48860062763
46383739012
49189567320
49356684171
49000809741
48933455282
48678676231
49458546845
48395188311
48186301525
48783635166
48059982702
45419898138
47238086388
44922414150
42066875156
48943181373
47468923829
48665854882
42748703523
49235159688
47989508913
48429925210
48545725572
47935420132
47648590216
49059280629
48011237905
46476801364
48680303097
49062040885
48584090322
46733281503
48619955596
49080178134
48714677913
48385992807
49454225921
47839369843
49134508638
40166073808
47219612131
48872706581
48811871622
49599365036
48978055683
49475417305
49165431128
47533447822
48979521066
48760492947
48988079665
49289205340
49269497393
49357831603
49362952921
48264530510
45007123518
49552529951
49617917527
48977694603
49331466745
46867189024
46912351105
49492856466
47980439787
47922836494
49491954769
46867310387
49028768366
49534970430
48570629059
48466155576
49494261669
48547239099
49513703821
49120376368
48807147492
49269920659
49076649580
45181792959
49262512501
48050940657
48349166659
49534868124
48826028967
47934905593
47980235175
49135995084
48034352040
49498681890
48899503732
49609033956
49387039966
48137189630
49203424768
48164791187
48189386753
40623489952
49735026804
49355085389
49599149391
49414345638
49110715472
48764354497
49367319983
49073222329
49257948851
49139959943
48248851614
49445744553
47436273170
49663156839
49568482666
49040232656
48430358506
48738300569
47742828084
39736612277
49201126895
48108475746
49721676874
49224871917
39007073206
48598704032
48624711822
48044184449
49529916313
49274060040
49288174256
48351420400
49539251234
49010250980
49664857927
49406994651
47061832207
46697630871
44191203078
47981920215
48699599814
49322966320
49105135783
49526658569
48421509037
45728338692
48428853003
49796074399
45290550255
46347084377
40173735725
49463622025
48196175057
46261921653
49725539427
45737647535
49739632580
50099796841
45396079897
46940014848
39191486792
48674196833
49676201857
35544279898
49104414626
48414547214
49568464612
48600305823
52825744223
49459107522
46941773107
48570059355
49991748666
42543066457
49788170759
49820676986
49137754346
49179266510
48282471171
48996059533
49877193027
48127167654
41625971401
49169008829
50424792913
48487565614
49460660166
48045612721
48918437363
49503238519
48439313290
49577819593
48988071641
47091785799
48504743995
49074703760
41825660677
49181119051
49272288742
49461608001
49555098634
46610570471
49048765177
48827549515
42326075431
48933431210
42803730109
48648173998
44540565029
44429597121
48654148869
49097237158
48914547729
49664758630
49513235420
48383125230
49107087621
49221442660
47866124868
48926584732
48350820606
48041948762
45494988736
47264651846
48307049686
49596324943
49861513128
49014899885
45539292249
48656304316
49178142147
47514904358
48984014506
48073490103
48664687390
49709320917
54723645898
49644571249
48725141209
48716290737
49508182306
48586011067
48568094478
45576087304
49395869375
43182629407
49865383705
49802074345
48443598106
46528742722
46268962713
49419526133
45318918104
49683262977
49769730604
49372781318
49729845306
48458252939
42918314835
48262470348
48310181052
47199170991
49596095256
41726790955
48521938424
49343952089
49386058029
49771029489
48993108707
48036195554
48103699460
43762960192
46542990337
49107711487
48732527301
41085789703
53202135018
49817344017
48903107511
46193925274
48826776202
24505674131
48168746016
50238489675
48604610699
38488507161
48616791131
49724906534
49724914558
48420940336
49223761596
48681013221
49539811911
48038846483
48060836255
47279918509
41118386200
48819826415
48101166885
69039670513
48135615923
49136308020
30000549451
49062250512
48677215863
48717230548
48649096758
46773920054
48385204449
48649640384
46524958403
46906700203
48837762061
49230280093
47851158102
49792284062
38883713233
48251116388
46362919741
49069015747
45723142149
47830277648
48043205521
47649491913
46632643492
45024044128
48408880264
49767756700
43023426226
48700985960
49683271001
49858072838
49613627696
48120770520
49226710416
49304131986
49556753584
49707284827
49474215711
49084186122
48734757973
49311190097
49429635370
48490227576
48553315273
49688379280
48420325497
48665024398
46541625254
41436206810
47002731435
47355084332
40941584381
49420224221
48350926924
49362217722
47825619716
49288180274
49596384120
48681152638
49246172628
47389180314
49596358042
48618556411
48581486534
48236694251
48413964471
48753095822
48919703149
48974282397
46901810578
48701487460
28639588781
46507902388
45344689186
49096150909
49550952232
47689626958
48239665137
48893282123
48172022817
48799403329
48079439899
47972542165
46577956923
48692762363
48029845561
48868161988
48462158621
48811046153
45827422053
41668151563
48337779600
46887231973
39265123040
49662850924
49034362097
49670905014
48179101991
48718895528
48967678645
49442223020
48304621423
49287891410
48568639107
49493579629
41548037298
48961637576
48754480965
34155036634
49187302546
39656090434
46450471611
48277291679
48137332056
49499248585
49558887968
48852688707
47308869101
48936371003
45987173875
48979777834
42250432180
43663642129
48076920363
39643066479
47936492339
48593859542
46801866643
47835270582
48520747863
49366486490
41985458637
48955497210
48166748040
46337521775
49511924499
48039836444
48830647782
49291678738
49356820579
47713985816
48138363140
46228969091
44037762132
49233348270
44832516263
48393798153
48531009556
49683288052
49537444831
47726688811
48797731328
48700429295
48065711838
48806450407
48965159109
38895452345
36071075558
45254393108
47993973266
48382647802
48825115234
49188290501
49217152829
49174364849
48479708112
49434915162
46617901398
49089789883
49394353842
48920601837
49491217564
48344023275
49490395104
48227288117
46492570530
48070693739
47302516099
48950168271
48721067023
48341118587
34439162462
49500701932
48600373024
48207648374
48529089814
48868249249
48738614508
44690611823
49281944623
47726392926
47700443310
48932018986
45849548233
49607775191
48149627833
49224500807
43419982336
47196764794
49195935367
48501212432
48991611228
48570803581
48754082774
48355062293
47484066120
48218580071
47726413989
48812892676
48583510588
47993594132
45992982248
48386122194
47874207042
48860307495
49456842748
47946830260
49259003004
46619811110
49579413360
48710539535
46772203921
49229423531
48982885128
48890561987
47960566345
48875962319
48286860299
49420887204
48711716054
49813270834
48751461935
48762849997
47277857344
37551744278
45482241609
40158770965
47267534468
49387370956
46902513681
48509036835
46335416478
47571035247
42738058684
49234395402
44080212101
48935957767
48712757168
48613162277
49198655503
49272715017
49346894891
41347061173
49662132776
48035381118
49985318433
47924801371
48025378199
45912353084
48463933931
46865193054
49387501346
48987254196
45005295049
48804663061
46873619257
41359766174
44469813409
49076911363
47975732708
49458353266
48478905712
42130643890
42046074942
46856903259
42805826379
39205103520
47833766082
48434558067
47236534747
47145929745
48753830018
48989361499
49008266043
48745605418
48464455491
48604919623
49615042929
47602856425
45746956378
48860444906
42923873461
46874726569
49181115039
48395703853
41310996302
42655969152
46331142695
49654330439
46193472921
43671346172
47107022372
48095597226
40164139021
48332912041
47124505665
46105547935
47261379057
47676588961
48868283351
48567570912
39254981707
47237512672
49195790935
46979980386
49220753599
48710816363
46294378733
48811381155
48598286784
48653681471
49185817103
49359543724
44328910966
47195923277
46615407940
42750978327
38044429914
49115369392
42608290544
49055969726
46133673058
48009641129
48428438764
47727766033
47904432447
48340125617
48163886481
45496967655
48345057368
49720076086
47142104303
49320137860
46908999079
49451067474
48546211024
48750386719
47889437597
48777364410
47700424253
48167533389
46619019743
49301690684
46197853022
48391281626
49386733048
48436120741
48471205681
46392199317
48388838318
48887153793
49297518204
49753805973
49554575068
46729364788
42289081782
47083425794
46950697801
49040780294
48758912219
48167460170
48203671479
39205233910
49721645781
47603243583
47239294000
49318202070
48208162913
44133184543
41180036598
47471781376
48938447213
49877517999
38776028144
47139621878
45863466864
46343973071
49203166997
48862950400
42200283183
49318242190
49033537631
48430368536
44597539441
49269523471
49917165586
49366544664
49514939517
48053417064
49172774091
48862502059
48430825904
49245777446
49500101135
48789254975
41202395474
46158245555
49312816963
47893576978
44841523203
49655930224
49360327067
47093018486
44706314791
48851065853
49269660882
42770054384
47318227091
48572196748
49581703209
48387552472
47173037826
49008670252
46586226658
47419219161
48598218580
48992931176
47003060419
46306477922
48276368919
47988338412
47124139570
44896427423
49780349365
47518588377
45831522317
49715646838
48579645026
42970789789
48619537345
49226930073
48847124063
47274154268
48936328877
47000274085
48430463821
45035507415
47115315176
49037628868
47871745680
46995394490
49656530018
43639408646
48279556453
48692871690
48525736785
47431041522
48504487227
45067057783
48339548892
47167722929
49739344719
46785655154
47651702525
37803094072
39263694768
46859855088
47940990794
47447589016
48606580591
45224054364
49665380490
49087299434
49818312915
47668881909
48809863616
49666453700
38877407372
46715572535
49366930819
48242361201
49172475197
48710850465
48884585110
48055752048
46092424683
37321023185
48568953046
49660958263
46638501012
49560980226
48688123488
49621772056
49788878877
48926311916
38072879006
49534947361
49726688865
48181103979
49788793622
39700253527
49160102189
49459676223
41873839782
45253469345
42510017607
48137187624
38532324219
47518224288
48186241345
48924682041
49311755789
49295240391
45106223930
47285464096
47187373705
49416152041
45985199971
46999490742
49140428344
48969879227
49181257465
49009103548
48130147567
46582487474
48460299059
48350609976
48570066376
48860511104
48802556761
48509608545
49351285022
45253184493
49188395816
48941046989
45299981464
47690336079
49363772372
49113535908
48619586492
48809862613
45962015626
46975355553
49057090077
49570842725
48596896626
46152507392
47823181423
49497689923
45152137258
49220750590
48285454093
47960436958
49513576440
43863986364
49829327861
48167384945
48216305267
49222306243
48377245644
49236927977
59334116941
46509505182
48875644368
47448662226
43900865671
44767226981
48742398827
45263146289
48570646110
43946425943
48926811410
48210327387
49242377276
44864011466
66431669913
49805314035
45557703317
48895789623
64581264300
49696427352
47561989190
49343299136
47351344145
48346556853
49090645442
48424317437
41833672641
48983912200
42206295165
49077540244
49162621725
49190787971
48973705672
48278962677
49459130591
48161083096
46732318623
45303874107
47277841296
48917608885
48967910338
48664288196
46378610673
43100933051
49509239468
47998870915
45732800036
49475934853
49488521500
48969704705
48551617194
44725283527
46307061668
49474672076
42590969737
44754025495
45738940402
49691833612
49381037011
48524294471
49089611349
61046583976
48282470168
49245683164
48972082818
48888317273
48941635750
49847106036
48811127396
47959404871
49357542739
49760980432
49366068239
48823453263
43403580277
49394963666
45990256094
48437979300
49338815726
48620108052
49398175272
46414666517
48744749859
47996242052
45589572639
48977700621
48283104064
48170082012
49627520249
49348692267
49731570466
48675058410
48386025906
48571005184
46097972276
43940586477
48446605100
49788915988
43114998120
49496788226
49210954289
49352361241
48282567459
47927387105
48330614168
47351322079
45835879349
49595740194
49702555682
46308448817
49109287200
48373348989
45814015955
49788854805
49115392461
48363904741
48732912453
49141349098
48892556954
47116961099
49952268580
49337105611
40246333868
46602991803
48142630905
50039906708
49308369661
46020596844
46621730852
49304965479
42878097544
46747729718
47086783838
48852971553
44783617004
44688214653
49433773748
50076941480
48350953002
47090262242
49556614167
48788673235
49312748759
43666841699
47861427819
48747409815
48108030414
48178206312
49752052729
45303015539
47498526371
47916444375
47193270342
49733302647
50059735015
49045978843
48957874320
49713521481
49043267734
49538926262
48385351890
49558754569
49874332471
44429418587
52826922748
48220241039
49229359339
48794743391
47523693647
47919927794
49615047944
48910798515
22500194688
42644134755
49565164742
48705709087
48904032277
48964607459
48313173001
49681758477
47759254215
45073202161
48819969844
46135746259
38412604133
49196786914
47351259893
47429714553
48868403711
49442653307
32416614968
43893993115
42425931102
44704483313
49054330824
47089406683
46918178535
48617537363
47237130529
48423760772
49204066688
49113435608
46983792789
48825912619
38637241028
46041805279
46718283644
48663159821
49184503173
47559998235
42541027358
48560701365
45820298747
48657091671
48833998805
49305031677
47605926608
49789324209
47088870078
46123175660
48383051008
40770000168
46449233909
44992901981
45671007212
48215294243
41016670967
44989917053
49469945940
49580145550
48201523053
49495098171
48621054884
47428303332
35737133729
42539613128
45557526789
48917186622
49113797691
49299377766
44100640202
48842853289
49000688378
47089771775
48466213750
49104437695
48961592441
48523079838
46081545142
42606947527
48815096267
48169208399
49645034635
48351289007
43726690709
46659528907
49306235277
45234091385
49701090299
48736222353
48777360398
48385857402
39225544660
48140129423
48173565431
43198819833
47090061642
49419203167
49658894089
48700674027
43418082654
48063119083
45799437350
49779546965
49667719486
46784909925
44716428040
49240819617
48843937532
48868465897
49366359109
43054616517
49027646009
48288513243
48305719708
47565246934
49093946315
42542899959
42045069936
48208923187
42159191276
48395596532
46201896115
48522143036
47537756710
49789320197
48030456388
47204083685
49669246052
43761025405
49010612060
48617199352
46965214220
47700226662
46081925279
49579828602
48448075498
47432914123
41807088126
45157334804
46629745825
49317391646
37212000094
48374207557
48037706072
49605559564
44514168075
48285064929
42516157973
49380187470
47172699815
46223222904
48355560784
48924011034
50042085224
46080355584
49491523479
45413858072
49485114309
49388270647
44644174929
42573181532
49012506727
48928765254
48681428463
49313325484
44530297318
49292538309
48983144905
44863895118
44117687190
48002448616
49048802288
49977813987
46624036749
49756893207
49579471534
48386171341
48190949427
49152553611
47968894254
48386584577
47620146139
48554841839
48557541915
45629995545
48876884076
48658393565
46423677469
49739917432
48921819479
41822570434
49413929393
47787996183
47520265393
43483987778
45656349370
40844120865
48661030452
48974179088
41151478179
42324978149
48354904822
48840878382
48459694250
47135948892
46393122077
49396127146
46720531367
48649338481
49602065112
42384804090
48460603971
47861650485
44156855343
38854170871
48315701564
48130791493
47454782532
48173478170
48390793165
48905777497
44473416185
39798971796
47837840268
41715312623
47959157130
48814435290
47615917491
46580017085
47619087974
48646675516
49580309039
45732713778
49266302838
43170072850
48780836796
49544150889
48617394937
44478927670
48068501181
39750006339
49521430933
43933222451
49086977471
47222828752
46834430041
48684398346
49706194566
49188174153
47230170712
48850939475
50072148143
49095940279
49750519142
48305720711
44410198098
48426084723
47276579522
48609419081
49406339692
47896570933
46829692872
48145571701
46078639451
48901969106
44198909127
48207786788
48977529108
48701220662
48967533210
48880553050
47700400181
48543416666
46920750227
39287571183
49391639724
45817970784
49298715786
48283388916
48096421692
49567471642
47619493186
37511469816
48148263753
49349531778
49152597743
49367687081
42629986437
48534438813
48982779813
49189403831
48887595113
44878830791
45297230235
43666530769
48812553662
42325064407
49385284716
47139603824
46737718775
46009542781
45982873011
47092594217
49240480603
46978678492
49264165445
47735680706
48316626330
49178689785
49995841909
48040945762
43692991915
46597574600
42663480619
48398492193
44779527773
46805216663
49532332540
47310498976
49122544854
44611391874
46891717389
47674829699
48859714722
47688711219
48710904627
44955527192
49707360052
49411368734
45750129870
44806380089
47381987801
48208270234
48422258278
45770897988
50073993663
48919129433
49447901003
46876239093
50121312194
49141010084
48072318599
48380972792
47366893654
49510899433
45497101054
49675860837
48205684500
44333254959
48243182658
47441525881
47292193223
43579100262
49739927462
49759912237
48279275613
49254937845
48216297243
48283948590
48578027187
49613490285
48565878851
48928862545
49577867737
48305264346
48606390021
49459621058
47403222314
48375578658
49163013898
50026173632
49267165418
48304375688
49434067627
48224524852
49184637575
49158249648
48359506586
48004145692
49245550768
49961679729
48866440840
48349839672
49780724487
48877698512
49039360046
44416079690
36993420316
48342837729
49877722611
47570413387
47673344256
49443688403
48660559042
47214505858
44641325406
48079736787
48968431898
49438524959
46361739210
44922865500
49562973187
48225460651
49066530313
44864104745
46412562223
45386828225
49665815792
49611371949
48302267382
46695877627
49136905808
49740889339
48660231061
48814314930
43263392973
47952266520
42643904065
49540129862
46581898713
48805360146
48958010728
49480680046
47831686863
49881598203
44980883032
49062969663
46670144659
41553492615
47695065224
49532136955
49183610503
48303828050
48350684198
48455391380
48422536109
49064189311
50041721135
48854104943
45209139754
48451471656
48503259555
47542112739
49950818242
48396951585
49314382646
48734250455
46887203889
48749595352
39293468823
47523854127
49120532836
49292654657
46399449001
49412726796
48853799028
49795952033
49340585018
48915302988
39261420967
48503743001
49097280287
47446178798
48201112826
46046520382
48897502747
48038690015
45589753179
47228883863
49292279535
48349571871
50041742198
44423553043
43889023250
48738753925
48343739426
47128144549
38095355233
47705516484
44835712824
45649331379
48613963674
44764449674
48161407065
47245997049
43443351233
39358502340
49401281563
38779179570
49581621966
48502019847
43341284950
49518412906
48786624106
43096838805
45075363626
49994321361
48498490290
46670341247
48350896834
49531704662
47921322967
45719984705
50041610805
45805459362
50295122064
48836700887
49268625786
49582928875
46174799067
49759028594
46595811326
62995716885
46724368845
43104966114
47091639361
48694807480
49471681130
47902942992
49558254072
44923013944
47091062636
48177326681
48851629539
48812339020
49407262452
39703126119
49813732214
49811861619
49111866916
45343580871
46824805253
44104409476
49214082646
46162594563
48609278661
45155924586
48220347357
46536385582
48839397954
49767199032
48089576217
48718096137
49557500819
49846982667
49784712415
49628641603
48579814533
46341240899
47902697257
48176077946
46037424175
47525019613
50142768370
49780137732
47928993911
48430491905
48354239833
49306752825
49615287661
49162300765
49765292329
49521049793
48226037376
47561110562
48809682073
48227406471
47969701669
49610592618
62227772944
48858040715
42214016259
45075975456
48288771014
46772704418
49390183368
48678856771
49645354592
48677142644
45163777073
49192181138
48503003790
48170695848
41066739724
42401489998
46670503733
49539923244
48731706847
47313142884
49702063209
48385174359
64205504392
48700137422
49054691904
48594000965
47718781159
47046868450
48529947379
49134834613
48822321879
49759366605
49212252171
48473293927
45915990965
49355716276
48684487613
48769968288
49455871844
50043657928
43808158381
49367806438
49317005491
49787816700
47359964930
41167438918
44556309120
49509966643
48936358967
49432619295
48834839319
47227255994
1418537885
49563864854
49830296759
43630678534
49721450196
49380443235
49615490267
49356691192
49397868354
46628165097
49510256510
49408857222
49652909188
43630746738
46629430883
48665766618
48429918189
49136125474
45590004932
48710827396
48897337252
49443637250
46114889877
49386848393
47529562200
49397109083
48779474722
45533494909
46633508078
47868675497
46283934494
49283401982
49017603973
47161821277
43041211422
49961894371
46906741326
49704693075
43128196597
49367726198
49882744632
43732550235
48413542208
49610719999
48970667585
49384240593
45405080819
49599270754
42123663010
45909445387
47902800566
44676596904
38443996027
39199868863
48833344849
48165681851
48847536296
46200325417
48660868969
49655725612
45087284281
48895516807
49667025410
47935989836
49048963771
48985704561
46799610896
49434077657
48710117272
47289295556
49135768406
48807224723
47087161969
47681891822
50136319080
48963378784
47935688936
49334304232
46532848001
46863201096
49229434564
49036868594
48571365261
46670579961
48018844657
48938682918
48476494500
48076023681
48530839046
48390767087
49520389819
49039784315
48446276116
48600335913
48416560235
48253014064
49147390167
49902330213
47023858627
47239557789
44276765999
48942071052
38079603118
48208672437
47234916908
42718027771
50005899993
47432059567
48912018163
48648676501
48301389757
48427960333
45511364717
44598881455
49336997287
48422653460
45788935940
49370111332
48811116363
49452942081
48631885278
44852109868
49316816927
48741049792
45749466887
48466675130
41487978661
45419037564
49968965521
38371249440
48288824173
46958807056
49190505125
47286541318
48799502626
48651184001
44147753118
48130150576
48347555841
48500012844
49014897879
47970530147
49383586637
46610115109
47558575981
49922412279
45205243099
49322681468
45624559285
48733085972
47971712684
42659343244
46670810651
41601690777
47430442731
49664338373
48066613535
48360369166
47921557669
47239653074
49322130821
38880621987
48345973107
46071226278
49195703674
49017849708
48415515109
46670765516
46095543010
46507196276
44041302722
45873105694
49358281950
48128127525
48565236931
48737610505
49908748410
49678190806
49060134182
45318400556
49487497437
46550159781
48809104345
47739777961
48040661913
36959936164
47605859407
49789914976
49392205416
48879740620
49505507305
48746006618
48310101815
46724514280
49625549354
44336494649
46532199060
49406030768
47678296067
46453356239
48868715644
49820961838
46326074536
44376866402
47953417964
44999045356
49666677369
49877657416
48430442758
49196233258
48721897507
49488052096
49124955063
48574353198
48354397304
47719566508
43319188860
48847065889
49318106785
49069430989
49479275846
48881378519
38880695206
44613834179
49874798866
49264495432
48743789988
49605983833
47955020758
49755049693
48054586562
47832877424
42020280791
46579387201
48890342330
50041393154
49367702126
49829495362
42946411874
47591146400
49289868323
45826230489
47593090214
48589760281
46845918403
45667891894
44510776932
44815076099
49158012940
48896632143
45785997150
39122752205
44782255933
44714801174
43864312339
42659758486
48854804034
48242668119
49551389540
48924499495
47823930664
45856057703
49372937786
48113716421
46031520517
47933350943
48549056535
48507853295
49851159159
46892475657
46205345432
48564216880
38704885354
48305731744
49776950198
42995289067
45901730311
41054446956
49357042242
45528218126
44860941283
48423109825
48579571807
44158276594
49813605836
45990384478
49739875306
49509973664
48347575901
48499533410
44707966732
49299485087
47569734356
49045953768
48289690765
49427864072
45801638935
47521933382
46773996282
48797973051
48857980535
50026308034
48815106297
48513392864
48579327075
49149997967
42969982374
48447560959
47561299126
47678222848
49118741478
49626860275
49225135706
48849206291
48140015081
49288921491
45812629809
50131867766
46193986457
49058763081
48109545947
48347030269
48959633582
49083750820
41059767871
48261519504
45731797036
47853936412
48445850844
46135618878
48017454499
45597060034
48279391961
49325632294
44526744692
44481522431
46448533815
48610605630
48468875712
49189580359
49216247120
46999955131
47526225219
48386709952
47138320987
48106430629
49777192924
48487534521
47822414128
47824898559
46197604278
43639476850
48970971494
48927415216
46918658972
49144365119
48208344456
48261112286
48064511247
48852169153
40166406804
36963635228
49016776498
48453414467
49324819864
50130029267
45607056935
47654752648
43668751411
42292915248
49881019472
47906355198
48303762855
49912030226
49227167784
49097516995
48049344884
49049117230
49653465853
49183646611
46159183360
47770425629
44895287012
49237009220
47618487177
49757039645
42005856648
47484506437
48564946061
48285960608
49721604658
48535991457
47929544558
47702205581
49975861146
47471809460
49480384161
49711666934
48826072096
48089811922
46740933390
48940906569
48767111744
49388069044
48285255499
46899023241
48987995413
47424020522
49615007824
49924800422
50015267010
47062104020
48962913392
48572372273
46700429241
42918085148
49308770861
48312072710
48515916412
49605302796
50150993973
47790296062
46199157925
46322736552
48532837022
49305402787
49877232144
48538563149
48338903963
48185829112
49124294086
49240614002
46783915952
49020656102
48251343066
46881622194
49623241451
47698249749
44472615791
45555642152
49532394726
70449082101
48052002834
49656748672
46989001368
49320181992
48566604020
41349574691
46579629927
46369832417
47933416138
47709090173
46161450140
48660863954
45644197022
43314156809
49658018470
48179891352
46974378631
44312573099
49221467735
47037649877
49892436621
47044248614
43413553106
48572366255
49110024405
48482108291
48417348593
48345014239
43797783349
50047878552
49394208407
49398403956
37928044803
46175460044
49320454808
49455633130
37703962567
49721767144
48278240517
50214498918
49496027952
69121944597
48935018959
48599635819
41711316671
45110219882
47563566909
49396967660
42047372824
49211942244
41380151146
48767977333
49630137076
47838585497
50378444283
49317527051
49974717726
48710182467
49905178733
50384829381
49224980241
44997602039
49263146397
49968575354
48350760426
48428298344
49308509078
46024997005
47197020559
47935040998
42734835042
49531832043
49098977363
48937398075
49344363319
47966615438
48698655991
47333225953
49409698739
50360551766
48311440820
50368131437
46674488652
38188417585
49244356195
48464865718
48060199350
50378287815
49318643390
46026233704
48424028573
49522960508
46077871153
49103297284
42278788996
46729537304
46865939286
38050906285
45042466229
48335754543
48051810258
49124288068
48681528763
48595562636
48583719212
49450326257
49361871687
46487207489
49621157217
46732882309
48240272955
48919276874
48850817109
48504042898
33014870366
48704959846
49870771821
39044981591
44886113574
49390723985
47712143305
49097156918
48432145852
49297683699
49124335209
49597559636
47186848133
48460552818
46237996091
49365072260
48925157463
48004620111
46237982049
48356238812
47855130985
48165353870
49113842826
49340355331
46455505668
47125581884
47959636564
45700475352
48389218455
48349653114
47580990022
49631778987
47097729577
48127064345
49697151518
48651513988
46073852132
49575631047
48074011663
48961544297
49109786694
47685238833
49962885335
48074431920
49209641362
48506684800
46726991690
48350913885
49768041552
47190310489
45867611260
48852243375
49530919313
50427935312
49903247958
47557404477
49860534200
49866081793
48376831405
48400572415
49972253355
44451575860
48749451923
47126800529
47847605476
46517217249
46694904717
47568803572
49827550545
48808002048
45568474534
44944781050
47776470710
46417206113
49663736573
49652975386
48289018755
48767471821
49603300808
49316282328
50455948099
37458705998
48682165668
45111608034
48263490399
49067816159
45031751180
43893800539
48571209796
48332821771
49743853204
48812569710
49049728057
48577969013
49177352786
49135782448
49907560858
46122609968
47243847620
47640212157
48942391009
47235693230
44559790533
48568031289
49062380902
48162866430
39495890271
45119769445
49922500543
47720516349
48042402118
45658537916
47317126800
50133784499
45215414522
49996837888
48837422044
53980141055
43887698287
49678168740
49476492521
48429366539
48069742895
46424447773
47602079100
46305478934
48579201700
38050272389
49057357878
47805393218
46245007061
48574352195
49428258251
48783459641
48951574477
49498362936
49862436891
49880406639
48410402818
48430004447
45752838973
48576390291
39408070600
49230523822
46695817447
48669518841
49386653811
49796910901
46159929592
46655701459
43358415187
49299192211
41826336699
45939652738
49534692599
50047912654
48886751590
35533907875
48201072706
48622646645
49996880014
48812785355
45914656975
50153796355
49114115642
48837612614
40198674317
49987828942
48383176383
49849448041
47711127266
48342019281
48003442589
50284397988
47214636248
38447286870
48149319912
37460363957
38308203869
49655481883
45105200870
47219107622
48466698199
39933791044
42059546235
48425670484
50067311677
49039103278
45997870870
48244137514
35738650265
47318368514
47901040301
50697895771
48682586928
46279243463
49530640479
46825994811
47490040991
48132203717
42540437594
48739508181
47191382696
47395836222
47170251492
48455772520
49491698001
49442279188
46020706171
38051634463
48597141358
47239848659
45689418280
48718363938
50503800226
48344757471
48711028999
48852455008
49595374099
50143052219
48745081852
50142784418
48505920514
48924849542
48208709548
46611821212
47084944336
48347785528
49723836333
48253214664
49159815331
48973441883
48257345018
47359364133
50288625633
46529818941
48593134373
49313183058
49612552480
50127595989
65314253691
45577229721
49612397015
49450038396
48661077593
50153476398
47040193485
44663187797
48043131299
48618909467
48599912647
45776082495
49836950661
46636559204
47920903713
49581797491
45253246679
48333515847
49027678105
49479685070
49009419493
49775889024
39409034483
49579191697
49186027733
46618145127
49568897908
48289617546
47496342840
48424265281
44274468126
45810996925
48841335750
49484251729
50280442156
43306041536
48238928935
43308778723
38870219874
48209498909
49705243722
42788272876
48251636945
49016303082
48974496036
47712232572
49108668349
46332238974
48218361417
49372735180
47330053464
41389834108
48611088073
41849560161
47972474964
47563569918
47119231891
46125194699
46587107292
50381530514
49072027756
47239876743
46622572369
46447767523
48498547461
48424347527
48411248347
49562152733
49238593960
49195325543
49568993193
48579408318
42140037988
48811246753
49056243545
45577255799
48750310491
50516428999
48998199935
50249825581
48456378332
36367294557
46363912711
48229999226
50578397348
50254023136
46178241363
49436326383
49554329333
49833920598
47926950800
48250488510
48359016119
50224891001
48305739768
46482689977
46974364589
47560769542
46580472447
41106280993
48981126869
45901548768
48708729120
49273929650
48390396980
49757884171
49662697465
50253605888
49480409236
47927503453
49872254255
48471745295
48755049666
47481224621
48636540201
48344930990
49069016750
47270177373
50090967432
48783165762
47700120344
48002031368
48682916915
45950795065
49725559487
36686295698
48029971939
48898396420
49581883749
48959904392
48851880289
42200763620
45060913405
42097343287
38738395584
49197565242
39015499409
38236539519
48789484662
42049453046
42599929536
50007157755
43150820265
45162195342
43280656609
45322920074
47401355731
48423727673
49412352677
45924799311
47534517020
48618842266
45954302556
47168091030
47141096288
45160490242
48899103535
50386535484
44928146295
45667208851
50130835679
49188307552
48106704448
48683140584
48224999271
46320201971
49823486389
48895109589
49439150831
48341077464
43761728508
46581234727
47036506457
43616391802
49442149801
48412549238
49316902182
48855564308
43359270746
46327575024
47700134386
42790527620
48088988459
50141928859
45205944196
48826926652
49523017679
43641489871
49969965512
49610591615
43559122508
48505151213
47700879615
42237782344
49444197927
47269311784
44412241209
49446520875
49271122253
43820011835
49133609950
48140525608
49357801513
38877703257
45747717655
49204471900
48821657893
49264031043
45531521005
45046404007
45625390772
48041492397
48615615615
47534445807
48682909894
49350250929
49480800406
48045133287
45342497631
38304211929
48630964524
48208402630
46301199133
45980644345
49959222379
45481557563
48963745882
46250849536
48567398396
49111442647
48724619649
41617389733
6762692395
49717770189
46069410848
48142976940
48582799461
47832471209
49105497866
49204260267
48543889079
48244611933
49228000274
49968260412
48737533274
45006363244
45323686366
47467663058
48290040812
48575731320
49311296415
48510306633
49781562995
49814884661
46525077760
48504346807
49669797702
47270574561
48487073141
46999419529
36337457313
49849312636
41079757661
50407856255
47731951552
45981559081
50552476819
49552627242
49277015881
45997946095
48637839086
48041863507
48507181285
49819751217
45045579541
48208491897
49240630050
49271461267
47626731837
50047178458
49100789784
47694141461
45844056808
49582253856
49074173173
46374880516
49161404083
47115312167
49914699209
48859656548
49091997486
48719539454
49392070011
48309603324
40166457957
49317660450
50471437428
48836516335
49339349322
48722079050
48305743780
42514340537
46208244102
49505126165
48036361049
50498260657
48750122930
48113515821
48341591000
48034568688
47973028620
47197936298
48376757183
49708249713
49332207962
48138483500
47538243165
49838197390
48289823161
48355109434
49746088891
43668644090
49188269438
48575697218
49877924214
47140049156
49836051973
38892790383
49662786732
46765914108
49677141668
48929091229
50580245877
46754261254
44923085157
49492298798
50096196071
43422322335
49614723975
49863095862
50356544781
46847897322
46598736074
50252696167
48644281355
43355422235
49225008325
50192172138
50097642397
48144031093
38584621642
49625519264
48138658022
50422610385
48016845678
41259108103
46999220935
48837004796
45790017174
48720393007
45224774518
46583931794
49973528168
48138305969
49999401556
50121791628
49955334751
49174094039
49152247696
9290952489
49748451959
38998834564
45212629191
47929005947
48227569960
48354765405
50203107847
49497398050
45917284835
46612851293
43869525933
47033855528
44263502327
50745021726
50766137885
45489529407
47936587624
48248666059
49821255717
50136872736
50410972576
50381030017
48406350698
47977017551
48932479363
48248724233
41240317901
47477504494
50020937972
49299326613
46850366708
45198403642
48430978360
48740485103
43301104770
50498556542
41437266981
46816189483
48370656937
48250841566
48659279214
48713606709
48974340571
49965536264
50184174216
48896972160
45005481607
48108504833
46658234034
49660668396
49239309099
50230357351
48649840984
48303520129
49999461736
39609795966
49110005348
49054439148
49601105241
49411770937
45984055548
49175551398
47524268366
48385269644
42455141471
48646209121
49430746694
47424382605
48398974636
49346419469
50227559984
44823189366
48538454825
45496854316
48336351328
49144909748
49707986927
50284729981
50455582004
47098098681
46334041365
45032622787
50294320667
48030841540
50420365671
48038696033
49133411356
49913968022
42978534955
39369488199
50206893169
49255250781
38777859622
49723442154
49861875211
48872669470
50366487520
46206775710
47875474834
46532343492
39629521967
50171922571
50304932407
47060250476
50250588864
46545212985
49249688143
50246195724
39679716099
48736610514
49444106654
47525821010
48812856568
49697456430
48823470314
50138673121
33923128992
48136033171
48412336602
50095386650
49185942478
48681787537
50006767588
49496773181
49198910265
49900067445
49969628504
48973504069
45449359257
48143297900
48087978438
41472079105
41119110366
49158444230
50454652223
48465877745
49763947306
49986695552
50448132723
43203002343
50364204692
36517418582
49439484830
49985718630
48818246690
47098079624
45657861894
49616775110
47903994136
45898842674
49747728796
49913437435
49867111874
48852468047
49746526199
49272642801
49967674660
45568171628
46346309058
39200114598
48289849239
49540898160
37459547515
44148016907
49089066720
48124691247
47189165063
49382053050
49850031787
49192899286
46415951360
49192758866
45721474160
50317428784
48167197384
42461079231
48801905814
49615707918
48464182675
45820191426
49664015407
48487186480
48740535253
45656743549
42206870887
47237633032
48208289291
49361971987
43367073083
47861011574
50336093611
47119185753
48167303702
49613624687
46155018904
50815539647
49863248318
50422963441
48749688631
50214892094
50608725059
50182392888
50494952763
50838292702
46958036752
49186267450
48392493250
50413720796
49101265206
49148545623
49975831056
45474830442
48719939651
39301893020
48219298219
49222416573
48568240916
47066226350
48574872752
46547836833
49582032193
49991060608
48899102532
49203537104
47868286333
45049306689
48739439977
49838064994
48049453208
48453916970
49027686129
48674397433
47959806071
48067406908
48302437892
48143483455
47530453867
49973342613
50246322102
50329535997
49479340038
48648664465
45711074053
49445404536
49856966529
49922626921
50340485748
48977755786
44892299075
49929169490
48744353674
45723167224
45805348029
47391615598
49193108913
48799602926
50009722426
38309327229
42170597392
47966539210
46724475163
47995883981
46899933965
46989021428
48974326529
48251801437
48595540570
50203029613
43903371165
44849602368
47303854101
48619192313
39732304392
47097988351
48211806812
46457769439
48281660747
48073913369
46795819556
47485990877
46293568309
40950757819
46509892340
47332086545
44798263813
50371681054
49100568121
44923384051
47619337721
35795281651
45504114030
48340105557
48597284787
50513817187
48565874839
40171087805
49725354875
48264263712
49498327831
48014338178
43209171796
48746552250
50294322673
43931097094
46443053423
49998083614
49895129676
32739033330
42796718136
48560694344
47917496522
44454863694
48252254793
45478256690
44897945965
44278312625
49062941579
49191782947
49581047247
49177240450
48726924543
41507473972
48973178094
49611395018
45916990956
49744780979
49482724160
35434707163
47690262860
44231781449
47752013558
48171187318
48968842125
49249881722
49383592655
48065883351
48289894374
48611111142
47552300210
50185463071
49751473998
46424538043
49646174043
49326219049
47474502515
47098032483
48337454628
48569712317
35738794697
48533279345
45255326901
48712803306
50101099738
49119655211
50570528813
49996232076
46717849345
49747767913
49509304663
48166970706
45332196821
47967712720
45765869949
40914139292
45963220229
49089782862
46360349052
49014847729
49024682144
48581530666
48572822620
50378054116
49641886218
49101795793
49577235847
49783897979
48835213438
50366175587
48717971765
48988256193
45577366129
49863353633
48238919908
43763050462
49720862438
49372827456
47978551138
50144366149
44771312200
49107556022
47519699701
50134110474
50232471675
48347154641
49223995295
46999037386
49857403837
48929388117
41633528003
46891324213
47286553354
49794824661
47843158174
49984429775
48509890388
49436318359
49836111150
49858335624
46565501669
50743051834
48846966592
45409767838
45604535393
49759963390
49429438782
50464664169
49169146240
49737144137
48515656635
49492223573
48595412186
49112939123
49954296646
47037858501
50101213077
48870792857
49120521803
48261283799
44352663009
49678557904
50101155906
49746531214
49153938754
50446774661
45381963675
50614584585
45728602481
50606229595
48387243548
49077199224
47694567736
48150467344
47957865266
48527711692
50002097620
49583079325
50075490139
42842690641
43408005513
50564752536
49189153081
1620690529
48950427045
46977094755
48337910993
49090074735
38870510744
39963728588
48069512205
45537396579
47960035758
43370121200
49645039650
50503119189
48893864866
40752520887
46206478822
50662084659
49244008154
48015441478
49644943362
46688141488
45785739379
48000398484
46949524291
36615370559
47990566075
37015404070
38350405094
45211186877
45632450889
48926180523
42659785567
47907966016
45089587169
45917517531
48499529398
49954567456
44239732230
49394040906
48124796562
50460612049
47376275716
48239553804
42062779907
50247978055
46229954037
48108602124
48860360654
50342554937
41324272010
47926273775
50983182070
50361787462
49070368794
45731781991
48797877766
48385892507
50105517953
47359953897
49631730843
48747337599
49815960880
46787889838
49356150575
49009248983
49293339706
49755995522
48943866422
43248587690
46761903111
50496126273
49895535891
45841517212
50615089094
44349475475
50067997729
50219158856
49533301438
49609978782
49509311684
44168517224
44762587103
43630854059
46939737017
48341508754
49834736037
48807788409
44714285632
48892479723
46795685154
46393731901
49162636770
41975399550
46682118473
47486127285
40350523502
49986548111
40140661800
50530712722
49959203322
39058884174
50042459343
48354382259
39456244690
42913561618
45844267438
45802715154
49751983522
49954499252
49509324723
49659150857
49252585810
43180303450
48577461495
49155202534
1848985365
46508030772
49408704766
49712947765
48927411204
47804556716
49582652047
50176344798
48257038100
50472350158
50198053730
41653229932
47971377682
47038222590
49394780117
44409431806
48698603835
44349829534
49619404976
49614037923
48564549876
49719162353
43693038053
49175721908
50095746727
36669163455
50510759040
47471826511
45020866624
50112348383
42342442385
49965349706
48368959861
48248674083
48175539335
48395146185
47654553051
49906379324
49645128917
47989547027
48876864016
48510565407
45662811699
50293871323
49534563212
48338012296
47475271816
49432499938
48914532684
50135626007
49544442762
50345100551
50080407848
48314537081
50739612547
45914082256
47899001202
50687563868
50002254088
48582592843
43258408063
47241231796
43679610892
49240638074
46121234855
48613498282
44886134637
48005614084
49356124497
48303655534
47554280132
50050887552
50517716851
49498773163
50451332293
46903308057
49817732178
50566318219
49761461872
50204547152
49912284988
50468722307
48313331475
49141660028
48254895692
44923691972
48957633600
48513676713
49777583091
46715858390
48972729753
50618944626
50288861338
49041763234
48437478803
50186929457
47470503554
50965035794
40858653332
37320947960
50486925754
49226475714
50367422316
47236283997
40125861532
47965694684
49355282980
50188846190
49439696463
45872459762
48897009271
50329274214
45816579623
45947003725
49477548680
49968148076
49186442975
49461417431
49695892753
49225024373
46175167168
45356221680
50605677945
49556749572
50439134810
49021724297
50121616103
49825126294
67243299519
49969669627
44557019244
47517612458
50095999483
48748838087
49196590326
50045570649
50182225387
46628829083
49573185733
47092557106
46785964078
50365067272
49706161467
48886790707
44186320474
48746100900
49952177307
45768559995
49476885697
50419292461
47228928998
50622436069
46760500917
50505037928
47552236018
46729243425
45449514722
51031296983
50881074664
50408381827
48463327116
37007731120
49304990554
48070630550
48314523039
49448752550
46306237202
45494612611
43632465880
49091212137
48624147133
50470734325
8641146903
49254611870
49206184021
50182088979
44512091865
49658013455
50376477400
50192309549
49876384609
49874184027
49188767929
44860660443
54723688024
50497901583
38670819462
49737250455
47423036579
49599735143
44338215797
49723732021
49443090615
47002041371
46457691205
50585640011
50537997511
49670368409
46724337752
47935248619
48339493727
48669320247
48574101445
50507109123
46120795541
50185831172
50404888378
47564655164
50500481299
50777572085
48131383263
48282959632
49330667354
48483043087
49334727498
47919655981
47098277215
49672943110
49266169439
49273526444
48448937075
48842073958
49861487050
49235034313
46628426880
50077426932
45174224321
50292198319
50399843288
42879862824
47815137363
47519927382
46816399110
48167702896
50294786059
48889939124
49410172155
49256208646
50190333639
70572709875
45503705809
49043369037
45038399064
49660129785
48683926936
48889259090
44500389864
47174609527
43811046018
48190614425
50092023591
50619829272
50880384600
41874213901
44203643287
44835969592
49088809952
49871963385
49697146503
51126303149
48126115507
50196749830
49566320198
48822645848
49215114733
49222267126
49273160349
39188362447
49737268509
49736587472
49324998398
46408516121
49665134755
43341302001
47709019963
48466898799
50209865058
46884074529
49502807229
47030965885
50578308081
49444841853
47365761267
42842260354
38408331353
50415486076
49611084088
49148497479
50651959374
46805459389
49839085045
42987949113
43178074784
46662772609
44467745223
44510509131
49768096717
44923414141
49553315300
50931147433
50720441205
45949955554
49600647873
49178836223
50794279056
49744040765
50503551482
50485967889
50150133399
47431939207
50279244574
47271405045
48850965553
48677579952
45011835612
49965403868
46956480096
44836675704
50266560636
48067488151
49654367550
45814198501
48359467469
49010220890
50099560133
50271090184
48622339727
50451943120
50526779959
50371537625
47675326184
45975070674
48571935968
43356415205
48372704060
49349831675
44662358316
49903452570
50197021643
47472569734
49501626698
50671127707
50611455225
25779133081
44863512975
49572360264
46111013282
47316044563
48597121298
47139823481
47510734887
47525340573
49308712687
47675728387
47126538746
46342604979
49494183435
39191648275
47118064399
48447921036
48386170338
50183464092
42651065485
51183769031
49215917133
49720578589
48878555074
49446584064
47123169669
50166832346
50561174835
50243095451
50617519363
50287375895
49925003028
50759444866
49600687993
50418670601
50194813037
43938619594
49822217594
38871696290
38447614851
48847314633
46065832144
50339539919
43199475795
47082089798
48508048880
49367780360
49850012730
49498751097
49776252110
48619052896
49413730799
50527979547
49121314173
49716718042
50340999284
49044606739
49822616788
50912233862
44463954886
45120575857
49223566011
49946647768
49872337504
50274195472
45950150136
44430215972
48425119837
49764481905
48969887251
49717236593
46338510733
46365863546
50193966505
49964535270
49484626851
50192846154
50318389658
35738955177
46884224979
50173380933
50101429725
48716361950
49178677749
48141808445
49405444013
48565103532
48887086592
49156108243
48180432972
50082490076
50604519480
49597405174
48143552662
47824743094
49681424478
50572422477
50780262131
50197650524
46108407488
48601898587
50293397907
49949627681
48288712840
44679370199
49216044514
49298984590
49348781534
49658737621
49658579147
45494666773
50862288474
48502844313
44339854699
48817961838
48299224280
50623849296
46408676601
48173057913
49471351143
47561982169
49454268047
46783438524
48694545697
46440350338
50179818187
45977650390
49949210433
44339561823
45811314876
47431058573
49058932588
49300946458
48222801698
50038468406
48465674136
49344785582
50180984676
50991398646
49350045314
50085234284
47077082822
49668720480
49487522512
48107658301
42659370325
50140017141
44839592428
46057001732
49633201241
48460146603
49720833351
50106760670
48011972101
40355923654
50449036426
49579513660
49156943742
47916397234
47969696654
50231977196
47828799226
50882299327
46445159723
49355562817
49113593079
49721129236
49389464217
50151150441
48139133444
45033473331
49141690118
50230154745
49158161384
49037762267
49930774290
49478631920
50461233909
46950796095
45763729547
48245326069
50089645478
47604600642
50424740757
49836242543
49716406109
49853519218
50912003172
49190771923
48712751150
48522216255
48954864317
49927639915
45988055512
49244478561
49614338823
50008138689
50101450788
49896079517
48741969543
47330290172
50018609006
48328194932
46842414924
48503751025
48462666139
47168811184
49368445349
46194886148
48285565426
49249647020
36783055108
47700959855
49621678777
49316865071
50884149862
50131869772
50454511803
50460425491
40908007953
45901824593
50000898032
47484320882
48614256550
50661048560
49618663759
48319389595
46410107882
49490916664
45493715929
50906371327
47122960042
44497646659
50208725650
49817926760
49166552482
51158960829
50121819712
48604309799
43344834567
50785599094
47335231953
43986614147
49748108933
49227980214
48483695037
49656190001
46105997279
42659795597
48015159635
42133632830
50169643755
47590971878
49812960907
50988409706
46456483593
43023459325
49103448737
50101232134
44405503055
48314601273
50245630032
48944678852
48575660107
49875535068
40357658844
49503051961
46935021914
45880755575
49928774308
39255355826
49675701360
49577285997
47977349544
47193657500
50184600491
50420981513
49870749755
49613185373
48348343196
46814900628
45591504417
51219291279
49924156496
43053291554
49265451291
46227087463
50503120192
41715525259
49406654634
43271670732
48587281868
48564452585
49667268136
49063765042
49972517144
50716920675
49896084532
38870965103
50097963357
48309289385
49134250867
48455022276
46231350213
48815350026
49794500692
47442964183
48354549760
49057486262
50305204220
42330620024
48941382994
47935066073
49797411398
47329594090
47483066129
50494191486
45886028346
49810745280
49317537081
49865240276
49253755308
49579653077
45826136207
49416280425
44583080193
49204507005
49396741985
48952793122
47884045469
46632586321
46135229714
49011187782
47841173237
50015624078
50074674700
48455287068
50036150473
50140951937
48354968011
50067727922
42988816708
45539185931
48813683040
43096849838
49759578238
49657224094
43618403820
47531575221
49777746580
50576816620
43940620579
44604739978
48928427243
50381287788
50806282960
46343992128
49875384618
48110495788
50609366979
47693324016
49403575424
50294377838
45989672348
48803987039
45810180483
43679688123
48170841283
46505527284
50341450634
49217104685
46899397360
45781064396
44068929354
50266642882
50614600633
50087191137
50337302226
39191548978
49240661143
48011571904
41716798066
48722551463
48769415635
49267146361
45167683758
50908387357
44931000833
48377255674
50183919454
49697278899
46348266914
49656369538
49021608952
48824664887
50864677620
48411233302
46188920304
48762820910
48964385796
47840733923
50379967840
47816704049
50387626748
50643461958
48185945460
47114188807
47527155000
49295146109
50195467996
50236222895
49681446544
46387236473
50086679607
49010312163
46674380328
49116804685
51116690397
50938746161
50702569751
48525829061
45205927145
48986558114
48244013142
50823306879
49877579182
45274657720
50935501456
50643359652
50552056562
49139916814
50113521893
49264992920
50183869304
48317535048
46135802427
46135359101
49774997357
46161572506
42369405031
49392827276
44672571865
42212106547
38776814496
47920897695
49664563045
47023740273
48887647269
50677529856
49821455314
50495389068
50370235731
45389273539
49254108364
46882241045
49537859070
45385121119
48797300038
50459699319
48255579738
51099788844
48813024069
50966493153
41256763089
50459524797
41575643870
48734533301
51020779525
48897585996
44415579193
46323210971
50602213583
50134904850
50431645409
44255331889
49292653654
41801063105
49353525724
46419423746
46894252973
50194645536
50127338218
42712176269
50181469125
49366259812
48781522848
48510124087
49363061245
51056157341
49663802771
49143053195
47441462692
50418269401
50297146118
50364890744
50293886368
50963440021
49191038721
45974036581
44500878325
46848659602
41100672217
50828709037
50807585857
50890812791
49236848740
48710942741
49476502551
51099780820
49253977974
50030422340
49510002751
50731565478
48825913622
51108999393
49239819626
47837970658
40194748575
49658687471
44608263517
42722337662
51019440520
49767493914
50756695643
51217472840
49921485507
47687872711
51047267752
49360957954
47123643085
48143677034
49052266650
50471851667
49333797717
48617626630
46258270733
49347596991
50098697553
50244476582
48917287925
48657780732
49119776574
50596835497
49628299580
45138092249
48851071871
49409823111
51257114409
49656522997
47236889809
48411909324
47363881645
51128465617
44866535014
45394536280
50000434646
50527104931
47516984580
49254212676
50047633820
43180184093
44860903169
45260518429
50101982378
49226119649
50415067825
49786651214
46585883632
46081141936
46028394166
48699352073
49860728782
50126376341
49184992637
48814450335
50741949537
48799194705
50284739008
47034098254
49153871553
48487653878
48653207052
44915889635
46765572085
48510206333
50749972534
44121809520
48863055715
49148097282
47098620241
50098407686
50660905131
49721665841
47802662049
48958667693
50795437521
48055110128
48844548359
43764645232
50535161027
49584830563
50222329339
50000086605
49970431907
46767333353
48654561102
49975798960
50771753682
49437059576
49360980020
49132059312
46849904325
49942458237
45198878061
50924238769
50781647274
47098644313
48217382489
49584026157
49511627611
50580711269
48931205553
48919433342
49955215394
48384287707
51598922767
43947536264
38510975364
49664664348
49556020391
44842694707
49666741561
46258289790
49555712470
48561515801
49387781183
46623773963
45657866909
48660540988
51085569313
47311966365
50142975991
49437140819
70757103401
49154172453
50419876207
45075542160
49756834030
49910778482
49449291161
42768089507
50447081579
49985655441
49174954613
48962084914
48699994996
49631142082
48659957242
50352559862
46839603515
43494035832
50908414438
50428902204
48821463311
49443047486
49450726454
47962100935
44811114249
49445597112
46860240240
50988141905
42986206902
46884885956
47914235769
48759865069
47349671141
43138603725
50494192489
49365651994
50915854692
49793045339
50875132892
50970155106
48866426798
49196711689
43886242934
51408966603
46753440800
45659063488
51233955139
47717669835
45831346792
49665614189
48770304293
45071175098
50531459957
44157114117
48476594800
46719912516
50802107471
48505077994
49075986597
45913940833
47219103610
50986883140
48610182364
49401230410
49402389878
50573051358
44915627852
50903180784
50361492580
46885159775
50041240698
50554502879
50880014493
49631301559
47866498987
45557018268
49234994193
50501319807
50201651491
70980026169
47241662083
49176563425
50489512491
51099862063
50365712201
50371919768
37455427191
50450708427
50779468758
45776567947
49656344463
50746520208
49310263325
37456102210
47323740582
49577127523
49191590371
50611726035
48886373459
49110389497
50429495980
49191418858
46195937292
46864532077
47536075682
48131721274
49292983641
49492030997
50541303399
49402273530
42798773283
50013986179
49852913406
51362611955
38805420056
46846662629
35759227813
48987145872
49455016285
50596034100
50226273135
50517284558
50430137900
41396535151
49492226582
44924567591
41625178028
47577356153
44446674199
42674347121
50252028169
49387976768
50406750949
48039765231
48222847836
49671736501
50767373581
49893466702
51156904679
46421164954
50137961994
50738258497
50262672005
51363813549
49553517906
49503182351
46889167763
50009771573
50283047950
46943908494
50927912758
47426992411
50489219615
50543382618
50663071611
50975480033
43948837155
47876994379
50539715650
44039404043
49755918291
49914839629
49857937433
43617241343
51043091260
49757266323
47249163520
50869646482
50920240811
46891450591
51145371182
46345868741
44423816832
50101762721
50963102010
50537569230
50698230773
49866107871
50539650455
48734672718
47098696469
45950233385
50506413041
38659658078
45517618422
48282565453
48512265492
49333816774
48292511201
45492305711
46955654627
47451495701
50452314230
48263781269
49072363761
50227786662
46403875240
49195672581
50117307215
45003797570
44391890339
48674527823
47079226233
50601523519
49951685837
48861911292
49362253830
49853200264
49231121610
49771544028
50405136119
50538621377
47834721941
48794516713
50498333876
50249596897
45688792408
46941076022
46722786111
40364226488
49860217252
50008830759
49579622987
45803783349
50028123464
49527657557
45884968175
46111949081
49480618863
49424999504
48429034546
49759620364
44777254975
48821264717
48952500246
50093669514
49745395818
47488136294
42773150645
51028946954
50169954685
44458082321
50101764727
45669975125
50318262277
49295521231
49103306311
48429996423
50467167657
49292289565
43763088576
51370391223
49532267345
50454363359
24461597296
50497934682
49384548514
48895533858
48672698351
48845611539
48251190610
44002469571
48903615029
49136655058
47448565938
50672501817
49744371755
50456693328
49393311725
50295002707
51360343169
46187313498
48749492043
50338708432
50723470265
50743209305
44737812000
48186414864
39556559735
50171334813
50271695996
47875533008
49338111620
50936990911
47623087938
50242477603
44365456274
50915844662
51031211728
41903140421
49310024611
49484870580
41287437838
49199074757
45945687789
49816785346
49830305786
50426907237
42555272967
50627811146
49770516956
41817962652
38871049355
49213105724
44235855635
51174167312
48380164374
45346765396
50271432207
46509171183
48738664658
49759629391
46522599347
49613755077
50617478240
48258271790
49118858829
49180948541
48225374393
48672983203
50295497186
48008036329
49169391975
50338566006
49073482106
50694599913
48658151842
49440700466
49148439305
51262914758
47926239673
42025051059
49228598062
44638280298
43422594148
49429628349
46188968448
49764473881
49100242146
49903376342
48710076149
48511032805
50672106635
44850786911
47958458039
47195844040
48529954400
46194789860
51303366751
49498955709
49084379701
51155621842
48674918993
49724073041
49049544508
47703207578
43185310426
49190699707
44753229113
47722912516
50794249969
47222669275
49513117066
50568138664
50334340367
50191202237
46426769718
50336038446
49768740643
44855573227
48424523052
49247828581
27513225799
48554958187
46173099985
49874899166
48576691191
50094173020
50801975075
40978716444
50988216127
50556875977
45260964764
48308094812
45297396733
45261096157
49759636412
49180104015
49240696248
47995637243
49400231422
47622243412
45438257050
49968694711
48301933383
47313217106
49036671003
50452164783
49711896621
49355061317
47064899381
48738740886
49025504604
41968839930
46979261235
45831847289
50050096185
50002181872
46347303031
50704791396
51155413218
48819588704
50938575651
49951472198
50356855711
50361474526
51302718813
48893536885
48950141190
48349400358
45497350801
51352785564
47648690516
43680136464
49396371878
51481193636
51098014537
49708595748
50022448490
48211739611
49483829466
48208431717
49204684536
48422177035
50071963591
46054139170
49232283084
46450679232
48310743735
50471601920
50421790934
49401667718
50490623815
50363509613
45995700378
44935951641
49265829422
50939031013
49349846720
46166085003
51104459815
50623407976
50617274631
40166696671
51219914142
49829140300
50051380025
47639335535
47828226513
49192975514
49856944463
50797288056
50715511460
49263707074
51252946944
50752452953
48697626913
49998210995
49672466685
49414377734
48542732620
44527448798
51312470982
46078996519
49350999167
50377677991
49364925822
48579669098
47556322240
50983035632
50536442861
47857717722
49135918856
51406930513
45772901982
46755823928
45938134196
50529354660
49875818917
50626559402
49587731239
51129109543
48320103731
50508555449
50278376979
50370511556
50836379981
46887720434
48384985795
49137547728
48825188453
42016303896
50373491469
50764695571
50231801671
50138187669
45821242570
47465939904
49568550870
51534607398
49443775664
42242175484
50604612759
50711721123
49821496437
49868376657
50572943034
48824488359
47527546170
49445032423
48304612396
50289621612
48208263213
44417149891
45316143806
51446452725
48396745970
47878309312
50638913353
45749508010
49631295541
43489528350
48739237371
51294360814
49225145736
50244994130
50928890683
51305112974
49163008883
49105262161
49349268992
50681158710
49956459114
42912669951
48655313352
50223687401
38639759561
50990475886
43490172276
40804863445
49164633743
49449771598
47474694088
49095375590
50875757761
45451741382
50904335237
49116491749
50896804713
47397437010
50193315558
49303289466
50868023628
49337076524
50931480429
46869363528
50885543029
50701006074
39990677192
50500153318
48897368345
48711046050
49454181789
49071691751
50531801980
48556543930
44012704183
49580312048
50235328219
51307553273
50865528164
49628621543
36002583697
50071128092
43022163449
48070417914
48658471799
48384688907
49856466032
45567909845
50073715832
50246790503
50021169665
49614935608
51493992919
45255428204
48806180600
49491649857
49365143473
44574498525
45492756058
49678083485
50619685843
49104801784
48601997884
48949735978
49754599346
39823978592
50092019579
48879348447
50718794279
46364683015
49753246299
47521220249
47363927783
49247624972
49124528788
49106719520
48957180244
48883102676
51255403291
48414959447
50923365156
44262654792
51498018961
51118289179
49894861875
50246169646
50440870000
45594803284
48658161872
49363183611
46865655437
49012457580
50449686370
50753913321
48507699836
49199692605
51146584812
48621124091
49304025668
44485833325
50639777939
48967065812
48423705607
48129693208
42239829467
50988684528
49450247020
45775354317
48645212139
51299016740
46156352894
48925636897
46774817739
49310439853
47120463575
49706102290
49237112529
46936060019
45739100882
49971540222
51039083272
51052427184
51130189774
49509310681
49308833047
47098986336
50599658942
50167667845
47968578309
45810946775
48890091580
49402339728
49801973042
48137076291
50543893145
48700662994
50701251809
49191246342
47099023447
49850946523
49293572402
46953010719
50616017872
51558301267
42802063123
47335411490
47719168317
49349480625
46159291684
50698071296
50532594350
51130281047
48558403492
51212799863
50093532103
50513199339
50780136756
50717735111
47844085949
41426758550
49054070044
49976265355
49317414715
50612540471
49674964155
51277463273
49158651851
49051111194
46363481421
50073795069
49828271702
48343912945
49611495318
50752274419
45070968480
49861279429
49298973557
50494937718
47543465786
48564516777
45495427047
48387096107
49988978380
50046641853
48843521287
49110939141
49304649534
50358059311
49051276689
49190018670
51223237081
48282410991
51525448002
50749980558
50655741687
48719773153
47677174713
42641186938
49431409677
49870441834
50453110612
49717134287
49388248581
50188185213
50386408103
50089822006
50083655562
51166781220
50245721305
48933459294
46238768401
50074974597
51224980295
47722406001
50813639965
50293925485
50022217800
49561538897
50761224188
51287577525
49096991423
49661601186
50150346035
48339181794
51340216971
48203943292
49480443338
50768981390
50223633239
50342078512
50871044664
50723482301
41053511157
46175272483
49354033242
51298711828
51340658291
50886911121
38413303224
49433129822
37460893541
49626627579
50450326284
49309850089
50510954625
48254334012
50170317771
45595971779
49913684173
51222814818
51091078792
47920303919
48629789008
50756409788
47954914440
48923515552
48420746757
38805491269
45768612151
38447360089
50280916575
48075738829
50871300429
49727218449
49057678838
49896991244
48660385523
49180147144
48662913083
48169747010
49315057665
49027867672
50500194441
51536901259
47862656494
49655535042
49622262523
51532538209
38875513708
49311463916
44269577498
35759856694
50271119271
48661172878
49448009327
50339888963
50895205931
49358861684
50538637425
48890111640
50865515125
47989688450
48415448911
46156452191
49752749814
50158792298
48251195625
47876260183
50368899735
50751130999
47225201850
49699419301
50178081994
50836991811
50672672327
50741626571
49972092875
50158681968
50514165228
50862156078
49973227268
48619826209
49304124965
48917573780
50620767077
51119369410
50701733249
51329067623
49604641819
48735838204
48897123613
41225704191
46244850593
50422062747
47282142160
50079868234
43029049044
4057453954
49121237945
51275697993
47563354273
46806739217
51108405617
46231833659
50118411518
47238697215
50457855805
50227825779
50189202255
51030709225
51228714464
48540055613
49334140743
47681884801
47526823007
49135740322
49903000217
50594097307
49759642430
50692165632
41400798904
50648593306
49491506428
44781046315
50014447559
51223637278
50603781272
50756054726
49696884720
48571625038
49717220545
50384886552
49295252427
50455240984
47036063131
50103146861
50924512588
49500222498
51681805672
49269886557
49866399744
47008393370
48303708693
50714732129
45674197755
47600045016
48254484462
51225812785
42793543641
43452637007
50609919632
49745567331
48371745192
48696150497
51080460031
50101898126
49193615428
49921416300
49973114932
46175364759
49567875851
51292207373
50195617443
50935147397
48916441393
50311024629
50205651455
50367588814
51108882042
51469945994
48577569819
51151912748
50644089836
49813030114
47090028543
50971104947
50084645523
46026570712
44613906395
44608757996
48661780696
49602936719
48454545851
42185108796
50716543547
45764827832
51097828982
50915457504
48338687315
51320057674
47287804095
49228166772
48926183532
50925302952
50830786250
50188917403
50205811935
50677978197
43312908074
51588402300
49704289869
49074641574
50808193675
45060969573
49543938253
49386064047
50294973620
51678086548
49759655469
47579016118
50214963307
49077694706
50399840279
48767930192
49493611725
49723809252
39299214007
50435915180
42542011301
49388866429
44569179616
45658091581
50786770598
50123028327
48067734889
49872199090
50080067831
45564556816
49159314834
42770256990
50426355587
51670211995
36498077733
50385854447
50498801274
48080029663
47488396071
43132308897
49863875193
48565986172
50600688020
50426283371
51617911563
51362901822
48457699283
49255140451
40889145535
49104758655
49383650829
50615844353
50233638164
48812590773
49213541026
48070700760
48431519980
45894479624
49624285574
40046634562
46818100198
47595105241
50334618198
50421749811
51200891244
50030076305
49742445995
50275073097
45861085742
50672016365
47555412519
48506194333
50588681107
51119368407
48265192490
50566914001
50242893848
49658307334
45112963087
50096289350
48388909531
50622686819
41729339578
49629886326
48252476456
47498832286
51617949677
49120549887
49968496117
50511041886
49927669002
50859758908
48555047454
46611063947
50867534164
50238632101
40753118675
50374874606
49010422493
43250204526
50081652571
46600120214
50015298103
48069621532
51820384164
50428918252
39535399444
51592283910
50759290404
49580938923
47965551255
48915951929
50106944219
49950953647
49061074996
49010426505
49104370494
49162588626
51370804459
50826040054
49240722326
50798663169
50007061467
50082495091
49994927173
50970013683
51147334053
49125568899
41833098925
49202815947
47920650957
48248072283
49494039003
48296761915
50895888974
48914990052
50986786852
50939054082
49973698678
49681732399
50002287187
48520329612
49759696592
50496102201
49921609879
51129060396
49298529228
50370385178
50623550402
46337819666
43707813246
49972094881
49070922450
49781592082
49743164143
46309220124
46303754777
49559383450
49917629975
51281239568
48523705710
39380752892
47615850290
50173298687
49604539513
50816184576
48740288515
49668031419
46412778871
48651491922
50939049067
45203926160
45912468429
49178406939
50783189888
51291503267
50663942215
50662693480
49264003962
49177032829
50135887790
49411242356
50824516497
50644354628
51312246310
50137524686
49995255154
45914486465
51532536203
50282726990
49075859216
49724599616
46345842663
42343991017
50583499609
50711743189
50560695401
50824608773
49857407849
50698548724
50049625778
50042873582
48934933704
50621380913
47955525267
49189633518
45890721383
46814625806
49408415902
49664435664
50932937788
49749102906
42473857451
49627318646
50975502099
42611604456
50047747159
49414874219
49670949146
49816330987
42534811767
46419298371
39261443033
42996334193
51741654682
45499121096
50825792313
47600994857
49021559805
48016161632
50386352938
5665515710
48895504771
51274334916
51391653820
49895733482
48891644224
49406387836
51243990154
50794347260
50972402829
48834833301
50696051254
49610784191
49225184853
50339769606
48927665966
42612392814
48877478855
50651774822
44725821135
50576709299
48737250428
50410605478
50814578773
48743913357
50452317239
48288488168
51204256309
50456366350
50575401387
51148482488
49136396284
49245672131
50891212988
47978137902
50651808924
51825180510
51271164433
51664699507
49737557373
49414806015
51211011514
51567341306
50668995329
49311607345
46659953176
50926636942
50224318288
48737902378
50384711027
48422981441
45434983258
47997428601
40054480028
51719147362
46539878028
50672318268
50921781419
48431342449
50452748529
49611990800
50892042469
44385322695
47466063273
45820465245
50403228413
50659087695
50712320917
51348843774
51632124073
50867942385
38809270573
49759724676
48972340589
50979449907
50530024664
48813621857
48130862706
45313508925
48694057236
48713379028
50627069929
50131516716
50647131935
51306791996
50360805525
50409355740
49962296574
42291151974
50128642118
48953803143
50419402791
48212556053
49912903839
47649047584
50166824322
47099332371
51164144333
48376269725
49313852059
50704875648
49230993226
49183748917
48607244577
50783304230
50705180560
49616085046
49745836135
48599649861
49774117726
49787687313
48135413317
49964938476
50606179445
48674094527
51235130655
48027273869
48664455697
49558401513
49348093476
51268051121
50542273300
48717257629
46075134969
51130237918
49966022719
48790408425
50604240646
50627171232
48887179871
40972606168
43624272373
48529800941
50696021164
51703514604
50878643392
50577092445
50659772744
51252304021
49870300411
48849519227
51380433259
49567319186
49816876619
50755650517
51535542194
47413886210
51235353321
50924378186
50081116969
50639837116
48052575547
49237107514
49958021788
51865781950
47924037085
49337074518
48173483185
47866114838
51271669945
50084591361
50829010940
48859063775
50504528404
45483621737
50893710458
50754043711
48848093964
47525462939
51844273618
41550351219
38407783715
38808447110
49743283500
51304857209
51784052495
49759734706
48564055397
50027417352
51898157787
51844132195
51343104608
48732952573
49452341284
38876218817
47015660105
50426705634
47866425768
47888739509
48257920740
50426664511
50711056134
49710305863
49903308138
51318217169
48886186901
50502172357
51377596775
39580389009
49220974259
5480598618
49622463123
49958943545
51632023773
50839600614
47854685653
47112949099
49433009462
45381047936
51027275956
51460097537
47533180021
51335355430
50970937446
51757344611
50755518121
50029236794
45064822096
50864995571
51003335349
51233215928
40373317680
50995586171
50754053741
50506953658
50624348790
51363821573
46236387279
50755532163
51157506479
38052589319
49961345730
51280494339
49908765461
42593242535
50704646964
51381125329
49018152614
49359493574
50574051349
51311368685
50924685104
45886570969
51193995619
48039350992
50855675695
51444880021
49911770449
48656665396
49486443284
50840894484
50861511149
45563307078
48814278822
50618850344
51558944190
49994830885
51393443172
51312775894
50698558754
49968584381
50561201916
49318531054
50503277663
51248109475
49957725903
51070749988
51556523951
